{
 "cells": [
  {
   "cell_type": "code",
   "execution_count": 44,
   "metadata": {},
   "outputs": [],
   "source": [
    "import numpy as np\n",
    "def svd_decomposition(A):\n",
    "    S,d,V = np.linalg.svd(A)\n",
    "    print('-----------')\n",
    "    print('init matrix:')\n",
    "    print(A)\n",
    "    print('S =')\n",
    "    print(S)\n",
    "    print('d =')\n",
    "    print(d)\n",
    "    print('V =')\n",
    "    print(V)\n",
    "    # reconstruction\n",
    "    Sigma = np.zeros((A.shape[0], A.shape[1]))\n",
    "    Sigma[:A.shape[1], :A.shape[1]] = np.diag(d)\n",
    "    print('reconstruction matrix:')\n",
    "    print(S.dot(Sigma.dot(V)))\n",
    "    \n",
    "    return S, d, V"
   ]
  },
  {
   "cell_type": "code",
   "execution_count": 45,
   "metadata": {},
   "outputs": [
    {
     "name": "stdout",
     "output_type": "stream",
     "text": [
      "-----------\n",
      "init matrix:\n",
      "[[3 7]\n",
      " [5 2]]\n",
      "S =\n",
      "[[-0.85065081 -0.52573111]\n",
      " [-0.52573111  0.85065081]]\n",
      "d =\n",
      "[8.71337969 3.32821489]\n",
      "V =\n",
      "[[-0.59455781 -0.80405286]\n",
      " [ 0.80405286 -0.59455781]]\n",
      "reconstruction matrix:\n",
      "[[3. 7.]\n",
      " [5. 2.]]\n",
      "-----------\n",
      "init matrix:\n",
      "[[0 1 3]\n",
      " [2 3 1]\n",
      " [0 1 0]]\n",
      "S =\n",
      "[[-0.56667985  0.82277903  0.04368772]\n",
      " [-0.80674247 -0.54329657 -0.23236915]\n",
      " [-0.16745308 -0.16692366  0.97164601]]\n",
      "d =\n",
      "[4.34019342 2.41561763 0.57228713]\n",
      "V =\n",
      "[[-0.37175416 -0.72677875 -0.5775738 ]\n",
      " [-0.44982001 -0.40322372  0.79691442]\n",
      " [-0.81207192  0.5560605  -0.17701953]]\n",
      "reconstruction matrix:\n",
      "[[ 2.98283596e-16  1.00000000e+00  3.00000000e+00]\n",
      " [ 2.00000000e+00  3.00000000e+00  1.00000000e+00]\n",
      " [-5.54560735e-17  1.00000000e+00  5.45823575e-17]]\n",
      "-----------\n",
      "init matrix:\n",
      "[[5 7 6 4]\n",
      " [2 1 3 4]\n",
      " [1 3 3 4]\n",
      " [4 5 4 1]]\n",
      "S =\n",
      "[[-0.73770649  0.1632189  -0.09855059 -0.64763918]\n",
      " [-0.3105457  -0.64513662  0.69282937  0.08571803]\n",
      " [-0.35959691 -0.50761834 -0.68153698  0.38538426]\n",
      " [-0.47962543  0.54724945  0.21396868  0.65168619]]\n",
      "d =\n",
      "[15.18812832  4.01278023  1.48010228  0.16628378]\n",
      "V =\n",
      "[[-0.43374156 -0.58936881 -0.5501118  -0.40235516]\n",
      " [ 0.30083897  0.4263348  -0.07225756 -0.85000788]\n",
      " [ 0.72106066 -0.65657105  0.20164035 -0.09125325]\n",
      " [-0.44881588 -0.19949312  0.80715366 -0.32752064]]\n",
      "reconstruction matrix:\n",
      "[[5. 7. 6. 4.]\n",
      " [2. 1. 3. 4.]\n",
      " [1. 3. 3. 4.]\n",
      " [4. 5. 4. 1.]]\n"
     ]
    },
    {
     "data": {
      "text/plain": [
       "(array([[-0.73770649,  0.1632189 , -0.09855059, -0.64763918],\n",
       "        [-0.3105457 , -0.64513662,  0.69282937,  0.08571803],\n",
       "        [-0.35959691, -0.50761834, -0.68153698,  0.38538426],\n",
       "        [-0.47962543,  0.54724945,  0.21396868,  0.65168619]]),\n",
       " array([15.18812832,  4.01278023,  1.48010228,  0.16628378]),\n",
       " array([[-0.43374156, -0.58936881, -0.5501118 , -0.40235516],\n",
       "        [ 0.30083897,  0.4263348 , -0.07225756, -0.85000788],\n",
       "        [ 0.72106066, -0.65657105,  0.20164035, -0.09125325],\n",
       "        [-0.44881588, -0.19949312,  0.80715366, -0.32752064]]))"
      ]
     },
     "execution_count": 45,
     "metadata": {},
     "output_type": "execute_result"
    }
   ],
   "source": [
    "svd_decomposition(np.array([[3,7],[5,2]]))\n",
    "svd_decomposition(np.array([[0,1,3],[2,3,1],[0,1,0]]))\n",
    "svd_decomposition(np.array([[5,7,6,4],[2,1,3,4],[1,3,3,4],[4,5,4,1]]))                  "
   ]
  },
  {
   "cell_type": "code",
   "execution_count": null,
   "metadata": {},
   "outputs": [],
   "source": []
  }
 ],
 "metadata": {
  "kernelspec": {
   "display_name": "Python 3",
   "language": "python",
   "name": "python3"
  },
  "language_info": {
   "codemirror_mode": {
    "name": "ipython",
    "version": 3
   },
   "file_extension": ".py",
   "mimetype": "text/x-python",
   "name": "python",
   "nbconvert_exporter": "python",
   "pygments_lexer": "ipython3",
   "version": "3.7.0"
  }
 },
 "nbformat": 4,
 "nbformat_minor": 2
}
